%YAML:1.0
---
DATA: !!opencv-matrix
   rows: 9
   cols: 400
   dt: u
   data: [ 0, 0, 0, 0, 0, 0, 8, 73, 94, 112, 126, 38, 56, 65, 0, 0, 0, 0,
       0, 0, 0, 0, 0, 0, 14, 135, 168, 255, 255, 255, 255, 255, 255, 252,
       226, 103, 15, 0, 0, 0, 0, 0, 5, 54, 224, 255, 255, 255, 255, 255,
       255, 255, 255, 255, 255, 255, 211, 71, 8, 0, 0, 0, 32, 216, 255,
       255, 255, 251, 228, 217, 212, 245, 242, 255, 255, 255, 255, 255,
       108, 3, 0, 40, 217, 255, 255, 255, 222, 88, 10, 0, 0, 0, 19, 143,
       251, 255, 255, 255, 240, 47, 0, 23, 255, 255, 255, 252, 148, 0, 0,
       0, 0, 0, 0, 1, 136, 255, 255, 255, 255, 63, 0, 1, 237, 255, 255,
       255, 235, 22, 0, 0, 0, 0, 0, 0, 3, 198, 254, 255, 229, 62, 0, 0,
       185, 255, 255, 255, 255, 233, 186, 49, 13, 15, 0, 0, 0, 4, 46, 47,
       31, 3, 0, 0, 84, 224, 255, 255, 255, 255, 255, 249, 254, 217, 172,
       92, 36, 0, 0, 0, 0, 0, 0, 0, 1, 29, 141, 247, 255, 255, 255, 255,
       255, 255, 255, 254, 238, 224, 83, 2, 0, 0, 0, 0, 0, 0, 0, 54, 94,
       215, 254, 255, 255, 255, 255, 255, 255, 255, 255, 165, 16, 0, 0,
       0, 0, 0, 0, 0, 0, 20, 52, 60, 154, 210, 237, 255, 255, 255, 255,
       255, 142, 14, 3, 76, 91, 37, 0, 0, 0, 0, 0, 0, 0, 0, 38, 161, 244,
       255, 255, 255, 220, 33, 64, 229, 255, 247, 162, 0, 0, 0, 0, 0, 0,
       0, 0, 2, 66, 251, 255, 255, 238, 46, 87, 255, 255, 255, 219, 15,
       0, 0, 0, 0, 0, 0, 0, 0, 8, 249, 255, 255, 255, 65, 37, 217, 255,
       255, 255, 250, 102, 8, 0, 0, 0, 0, 0, 8, 173, 254, 255, 255, 231,
       66, 0, 74, 221, 255, 255, 255, 255, 238, 184, 170, 204, 221, 228,
       235, 252, 255, 255, 239, 76, 2, 0, 0, 86, 223, 255, 255, 255, 255,
       255, 255, 255, 255, 255, 255, 255, 255, 229, 53, 0, 0, 0, 0, 1,
       31, 105, 173, 221, 255, 255, 255, 255, 255, 255, 254, 194, 126,
       54, 0, 0, 0, 0, 0, 0, 0, 0, 0, 5, 70, 148, 154, 128, 105, 86, 67,
       26, 0, 0, 0, 0, 0, 0, 0, 0, 0, 0, 0, 0, 36, 94, 112, 126, 38, 56,
       65, 0, 0, 0, 0, 0, 0, 0, 0, 0, 0, 14, 135, 166, 214, 255, 255,
       255, 255, 255, 252, 226, 103, 15, 0, 0, 0, 0, 0, 5, 54, 224, 255,
       255, 255, 255, 255, 255, 255, 255, 255, 255, 255, 211, 71, 8, 0,
       0, 0, 32, 216, 255, 255, 255, 251, 228, 217, 212, 245, 242, 255,
       255, 255, 255, 255, 108, 3, 0, 40, 217, 255, 255, 255, 222, 88,
       10, 0, 0, 0, 19, 143, 251, 255, 255, 255, 240, 47, 0, 23, 255,
       255, 255, 252, 148, 0, 0, 0, 0, 0, 0, 1, 136, 255, 255, 255, 255,
       63, 0, 1, 237, 255, 255, 255, 235, 22, 0, 0, 0, 0, 0, 0, 3, 198,
       254, 255, 229, 62, 0, 0, 185, 255, 255, 255, 255, 233, 186, 49,
       13, 15, 0, 0, 0, 4, 46, 47, 31, 3, 0, 0, 84, 224, 255, 255, 255,
       255, 255, 249, 254, 217, 172, 92, 36, 0, 0, 0, 0, 0, 0, 0, 1, 29,
       141, 247, 255, 255, 255, 255, 255, 255, 255, 254, 238, 224, 83, 2,
       0, 0, 0, 0, 0, 0, 0, 54, 201, 219, 254, 255, 255, 255, 255, 255,
       255, 255, 255, 165, 16, 0, 0, 0, 0, 0, 0, 0, 0, 20, 52, 60, 154,
       210, 237, 255, 255, 255, 255, 255, 142, 14, 3, 76, 91, 37, 0, 0,
       0, 0, 0, 0, 0, 0, 38, 161, 244, 255, 255, 255, 220, 33, 64, 229,
       255, 247, 162, 0, 0, 0, 0, 0, 0, 0, 0, 2, 66, 251, 255, 255, 238,
       46, 87, 255, 255, 255, 219, 15, 0, 0, 0, 0, 0, 0, 0, 0, 8, 249,
       255, 255, 255, 65, 37, 217, 255, 255, 255, 250, 102, 8, 0, 0, 0,
       0, 0, 8, 173, 254, 255, 255, 231, 66, 0, 74, 221, 255, 255, 255,
       255, 238, 184, 170, 204, 221, 228, 235, 252, 255, 255, 255, 93, 2,
       0, 0, 86, 223, 255, 255, 255, 255, 255, 255, 255, 255, 255, 255,
       255, 255, 229, 73, 19, 0, 0, 0, 1, 31, 105, 173, 221, 255, 255,
       255, 255, 255, 255, 254, 194, 126, 54, 0, 0, 0, 0, 0, 0, 0, 0, 0,
       5, 70, 148, 154, 128, 105, 86, 67, 26, 0, 0, 0, 0, 0, 0, 0, 0, 0,
       0, 0, 0, 36, 94, 112, 126, 38, 56, 65, 0, 0, 0, 0, 0, 0, 0, 0, 0,
       0, 14, 135, 166, 214, 255, 255, 255, 255, 255, 252, 226, 103, 15,
       0, 0, 0, 0, 0, 5, 54, 224, 255, 255, 255, 255, 255, 255, 255, 255,
       255, 255, 255, 211, 71, 8, 0, 0, 0, 32, 216, 255, 255, 255, 251,
       228, 222, 243, 245, 242, 255, 255, 255, 255, 255, 108, 3, 0, 40,
       217, 255, 255, 255, 222, 88, 10, 0, 0, 0, 19, 143, 251, 255, 255,
       255, 240, 47, 0, 23, 255, 255, 255, 252, 148, 0, 0, 0, 0, 0, 0, 1,
       136, 255, 255, 255, 255, 63, 0, 1, 237, 255, 255, 255, 235, 22, 0,
       0, 0, 0, 0, 0, 3, 198, 254, 255, 229, 62, 0, 0, 185, 255, 255,
       255, 255, 206, 146, 49, 13, 15, 0, 0, 0, 4, 46, 47, 31, 3, 0, 0,
       84, 224, 255, 255, 255, 255, 255, 249, 254, 217, 172, 92, 36, 0,
       0, 0, 0, 0, 0, 0, 1, 29, 141, 247, 255, 255, 255, 255, 255, 255,
       255, 254, 238, 224, 83, 2, 0, 0, 0, 0, 0, 0, 0, 54, 201, 219, 254,
       255, 255, 255, 255, 255, 255, 255, 255, 165, 16, 0, 0, 0, 0, 0, 0,
       0, 0, 20, 52, 60, 154, 210, 237, 255, 255, 255, 255, 255, 142, 14,
       3, 76, 91, 37, 0, 0, 0, 0, 0, 0, 0, 0, 38, 161, 244, 255, 255,
       255, 220, 33, 64, 229, 255, 247, 162, 0, 0, 0, 0, 0, 0, 0, 0, 2,
       66, 251, 255, 255, 238, 46, 87, 255, 255, 255, 219, 15, 0, 0, 0,
       0, 0, 0, 0, 0, 8, 249, 255, 255, 255, 65, 37, 217, 255, 255, 255,
       250, 102, 8, 0, 0, 0, 0, 0, 8, 173, 254, 255, 255, 231, 66, 0, 74,
       221, 255, 255, 255, 255, 238, 184, 170, 204, 221, 228, 235, 252,
       255, 255, 255, 93, 2, 0, 0, 86, 223, 255, 255, 255, 255, 255, 255,
       255, 255, 255, 255, 255, 255, 229, 73, 19, 0, 0, 0, 1, 31, 105,
       173, 221, 255, 255, 255, 255, 255, 255, 254, 194, 126, 54, 0, 0,
       0, 0, 0, 0, 0, 0, 0, 5, 70, 148, 154, 128, 105, 86, 67, 26, 0, 0,
       0, 0, 0, 22, 203, 255, 163, 0, 0, 0, 0, 0, 0, 0, 0, 0, 0, 0, 0,
       255, 255, 203, 22, 82, 255, 255, 255, 31, 0, 0, 0, 0, 0, 0, 0, 0,
       0, 0, 249, 255, 255, 255, 57, 255, 255, 255, 255, 249, 0, 0, 0, 0,
       0, 0, 0, 0, 0, 0, 249, 255, 255, 255, 57, 255, 255, 255, 255, 248,
       0, 0, 0, 0, 0, 0, 0, 0, 0, 0, 248, 255, 255, 255, 181, 255, 255,
       255, 255, 248, 0, 0, 0, 0, 0, 0, 0, 0, 0, 0, 248, 255, 255, 255,
       255, 255, 255, 255, 255, 249, 0, 0, 0, 0, 0, 0, 0, 0, 0, 0, 249,
       255, 255, 255, 255, 82, 255, 255, 255, 249, 0, 0, 0, 0, 0, 0, 0,
       0, 0, 0, 249, 255, 255, 255, 255, 57, 255, 255, 255, 252, 84, 0,
       0, 0, 0, 0, 0, 0, 0, 0, 248, 255, 255, 255, 255, 57, 255, 255,
       255, 255, 255, 107, 96, 96, 96, 96, 123, 255, 255, 255, 255, 255,
       255, 255, 255, 57, 255, 255, 255, 255, 255, 255, 255, 255, 255,
       255, 255, 255, 255, 255, 255, 255, 255, 255, 255, 57, 255, 255,
       255, 255, 255, 255, 255, 255, 255, 255, 255, 255, 255, 255, 255,
       255, 255, 255, 255, 57, 255, 255, 255, 255, 255, 255, 255, 255,
       255, 255, 255, 255, 255, 255, 255, 255, 255, 255, 255, 57, 255,
       255, 255, 255, 209, 12, 0, 0, 0, 0, 0, 0, 0, 84, 252, 255, 255,
       255, 255, 57, 255, 255, 255, 254, 117, 0, 0, 0, 0, 0, 0, 0, 0, 0,
       249, 255, 255, 255, 255, 57, 255, 255, 255, 249, 0, 0, 0, 0, 0, 0,
       0, 0, 0, 0, 249, 255, 255, 255, 255, 57, 255, 255, 255, 255, 134,
       0, 0, 0, 0, 0, 0, 0, 0, 0, 248, 255, 255, 255, 255, 57, 255, 255,
       255, 255, 134, 0, 0, 0, 0, 0, 0, 0, 0, 0, 248, 255, 255, 255, 255,
       57, 255, 255, 255, 254, 117, 0, 0, 0, 0, 0, 0, 0, 0, 0, 0, 255,
       255, 255, 255, 57, 255, 255, 255, 249, 0, 0, 0, 0, 0, 0, 0, 0, 0,
       0, 0, 255, 255, 255, 255, 0, 65, 255, 163, 93, 0, 0, 0, 0, 0, 0,
       0, 0, 0, 0, 0, 41, 96, 96, 22, 22, 203, 255, 163, 0, 0, 0, 0, 0,
       0, 0, 0, 0, 0, 0, 0, 255, 255, 203, 22, 82, 255, 255, 255, 31, 0,
       0, 0, 0, 0, 0, 0, 0, 0, 0, 249, 255, 255, 255, 57, 255, 255, 255,
       255, 249, 0, 0, 0, 0, 0, 0, 0, 0, 0, 0, 249, 255, 255, 255, 230,
       255, 255, 255, 255, 248, 0, 0, 0, 0, 0, 0, 0, 0, 0, 0, 248, 255,
       255, 255, 255, 255, 255, 255, 255, 248, 0, 0, 0, 0, 0, 0, 0, 0, 0,
       0, 248, 255, 255, 255, 255, 255, 255, 255, 255, 249, 0, 0, 0, 0,
       0, 0, 0, 0, 0, 0, 249, 255, 255, 255, 255, 255, 255, 255, 255,
       249, 0, 0, 0, 0, 0, 0, 0, 0, 0, 0, 249, 255, 255, 255, 255, 57,
       255, 255, 255, 252, 84, 0, 0, 0, 0, 0, 0, 0, 0, 0, 248, 255, 255,
       255, 255, 57, 255, 255, 255, 255, 255, 107, 96, 96, 96, 96, 96,
       195, 255, 255, 255, 255, 255, 255, 255, 57, 255, 255, 255, 255,
       255, 255, 255, 255, 255, 255, 255, 255, 255, 255, 255, 255, 255,
       255, 255, 57, 255, 255, 255, 255, 255, 255, 255, 255, 255, 255,
       255, 255, 255, 255, 255, 255, 255, 255, 255, 57, 255, 255, 255,
       255, 255, 255, 255, 255, 255, 255, 255, 255, 255, 255, 255, 255,
       255, 255, 255, 57, 255, 255, 255, 255, 209, 12, 0, 0, 0, 0, 0, 0,
       0, 84, 252, 255, 255, 255, 255, 57, 255, 255, 255, 255, 134, 0, 0,
       0, 0, 0, 0, 0, 0, 0, 249, 255, 255, 255, 255, 57, 255, 255, 255,
       255, 134, 0, 0, 0, 0, 0, 0, 0, 0, 0, 249, 255, 255, 255, 255, 57,
       255, 255, 255, 255, 134, 0, 0, 0, 0, 0, 0, 0, 0, 0, 248, 255, 255,
       255, 255, 57, 255, 255, 255, 255, 134, 0, 0, 0, 0, 0, 0, 0, 0, 0,
       248, 255, 255, 255, 255, 57, 255, 255, 255, 254, 117, 0, 0, 0, 0,
       0, 0, 0, 0, 0, 0, 255, 255, 255, 255, 57, 255, 255, 255, 249, 0,
       0, 0, 0, 0, 0, 0, 0, 0, 0, 0, 255, 255, 255, 255, 0, 65, 255, 163,
       93, 0, 0, 0, 0, 0, 0, 0, 0, 0, 0, 0, 41, 96, 96, 22, 22, 203, 255,
       163, 0, 0, 0, 0, 0, 0, 0, 0, 0, 0, 0, 0, 255, 255, 203, 22, 82,
       255, 255, 255, 31, 0, 0, 0, 0, 0, 0, 0, 0, 0, 0, 249, 255, 255,
       255, 57, 255, 255, 255, 255, 249, 0, 0, 0, 0, 0, 0, 0, 0, 0, 0,
       249, 255, 255, 255, 230, 255, 255, 255, 255, 248, 0, 0, 0, 0, 0,
       0, 0, 0, 0, 0, 248, 255, 255, 255, 255, 255, 255, 255, 255, 248,
       0, 0, 0, 0, 0, 0, 0, 0, 0, 0, 248, 255, 255, 255, 255, 255, 255,
       255, 255, 249, 0, 0, 0, 0, 0, 0, 0, 0, 0, 0, 249, 255, 255, 255,
       255, 82, 255, 255, 255, 249, 0, 0, 0, 0, 0, 0, 0, 0, 0, 0, 249,
       255, 255, 255, 255, 57, 255, 255, 255, 252, 84, 0, 0, 0, 0, 0, 0,
       0, 0, 0, 248, 255, 255, 255, 255, 57, 255, 255, 255, 255, 255,
       107, 96, 96, 96, 96, 96, 195, 255, 255, 255, 255, 255, 255, 255,
       57, 255, 255, 255, 255, 255, 255, 255, 255, 255, 255, 255, 255,
       255, 255, 255, 255, 255, 255, 255, 57, 255, 255, 255, 255, 255,
       255, 255, 255, 255, 255, 255, 255, 255, 255, 255, 255, 255, 255,
       255, 57, 255, 255, 255, 255, 255, 255, 255, 255, 255, 255, 255,
       255, 255, 255, 255, 255, 255, 255, 255, 57, 255, 255, 255, 255,
       209, 12, 0, 0, 0, 0, 0, 0, 0, 84, 252, 255, 255, 255, 255, 57,
       255, 255, 255, 255, 134, 0, 0, 0, 0, 0, 0, 0, 0, 0, 249, 255, 255,
       255, 255, 57, 255, 255, 255, 255, 134, 0, 0, 0, 0, 0, 0, 0, 0, 0,
       249, 255, 255, 255, 255, 57, 255, 255, 255, 255, 134, 0, 0, 0, 0,
       0, 0, 0, 0, 0, 248, 255, 255, 255, 255, 57, 255, 255, 255, 255,
       134, 0, 0, 0, 0, 0, 0, 0, 0, 0, 248, 255, 255, 255, 255, 57, 255,
       255, 255, 254, 117, 0, 0, 0, 0, 0, 0, 0, 0, 0, 0, 255, 255, 255,
       255, 57, 255, 255, 255, 249, 0, 0, 0, 0, 0, 0, 0, 0, 0, 0, 0, 255,
       255, 255, 255, 0, 65, 255, 163, 93, 0, 0, 0, 0, 0, 0, 0, 0, 0, 0,
       0, 41, 96, 96, 22, 6, 96, 177, 144, 29, 0, 0, 0, 0, 0, 0, 0, 0, 0,
       0, 46, 153, 177, 128, 10, 36, 226, 255, 255, 115, 0, 0, 0, 0, 0,
       0, 0, 0, 0, 0, 190, 255, 255, 185, 16, 73, 227, 255, 255, 131, 0,
       0, 0, 0, 0, 0, 0, 0, 0, 0, 173, 255, 255, 194, 20, 160, 255, 255,
       255, 146, 0, 0, 0, 0, 0, 0, 0, 0, 0, 0, 156, 255, 255, 202, 25,
       145, 255, 255, 255, 161, 0, 0, 0, 0, 0, 0, 0, 0, 0, 0, 140, 255,
       255, 211, 29, 129, 255, 255, 255, 177, 0, 0, 0, 0, 0, 0, 0, 0, 0,
       18, 165, 255, 255, 219, 33, 111, 255, 255, 255, 194, 0, 0, 0, 0,
       0, 0, 0, 0, 0, 57, 255, 255, 255, 228, 37, 94, 255, 255, 255, 212,
       0, 0, 0, 0, 0, 0, 0, 0, 0, 41, 255, 255, 255, 237, 42, 77, 255,
       255, 255, 229, 0, 0, 0, 0, 0, 0, 0, 0, 0, 26, 255, 255, 255, 245,
       46, 62, 255, 255, 255, 244, 0, 0, 0, 0, 0, 0, 0, 0, 0, 8, 255,
       255, 255, 253, 50, 50, 253, 255, 255, 255, 8, 0, 0, 0, 0, 0, 0, 0,
       0, 0, 244, 255, 255, 255, 62, 117, 249, 255, 255, 255, 26, 0, 0,
       0, 0, 0, 0, 0, 0, 3, 229, 255, 255, 255, 77, 173, 249, 255, 255,
       255, 41, 0, 0, 0, 0, 0, 0, 0, 0, 132, 249, 255, 255, 255, 94, 37,
       228, 255, 255, 255, 190, 24, 0, 0, 0, 0, 0, 0, 8, 156, 255, 255,
       255, 255, 111, 31, 211, 255, 255, 255, 247, 130, 0, 0, 0, 0, 2, 6,
       111, 243, 255, 255, 255, 213, 55, 3, 97, 255, 255, 255, 255, 225,
       176, 50, 0, 3, 82, 223, 248, 255, 255, 255, 255, 139, 11, 0, 19,
       152, 255, 255, 255, 255, 255, 246, 250, 255, 255, 255, 255, 255,
       255, 255, 224, 57, 0, 0, 0, 39, 178, 250, 255, 255, 255, 255, 255,
       255, 255, 255, 255, 255, 244, 201, 57, 0, 0, 0, 0, 0, 17, 91, 163,
       255, 255, 255, 255, 255, 255, 255, 222, 188, 98, 6, 0, 0, 0, 0, 0,
       0, 0, 0, 11, 22, 43, 108, 97, 88, 82, 75, 33, 0, 0, 0, 0, 0, 0, 6,
       96, 177, 144, 29, 0, 0, 0, 0, 0, 0, 0, 0, 0, 0, 46, 153, 177, 128,
       10, 36, 226, 255, 255, 115, 0, 0, 0, 0, 0, 0, 0, 0, 0, 0, 190,
       255, 255, 185, 16, 73, 227, 255, 255, 131, 0, 0, 0, 0, 0, 0, 0, 0,
       0, 0, 173, 255, 255, 194, 20, 160, 255, 255, 255, 146, 0, 0, 0, 0,
       0, 0, 0, 0, 0, 0, 156, 255, 255, 202, 25, 145, 255, 255, 255, 161,
       0, 0, 0, 0, 0, 0, 0, 0, 0, 0, 140, 255, 255, 211, 29, 129, 255,
       255, 255, 177, 0, 0, 0, 0, 0, 0, 0, 0, 0, 18, 165, 255, 255, 219,
       33, 111, 255, 255, 255, 194, 0, 0, 0, 0, 0, 0, 0, 0, 0, 57, 255,
       255, 255, 228, 37, 94, 255, 255, 255, 212, 0, 0, 0, 0, 0, 0, 0, 0,
       0, 41, 255, 255, 255, 237, 42, 77, 255, 255, 255, 229, 0, 0, 0, 0,
       0, 0, 0, 0, 0, 26, 255, 255, 255, 245, 46, 62, 255, 255, 255, 244,
       0, 0, 0, 0, 0, 0, 0, 0, 0, 8, 255, 255, 255, 253, 50, 50, 253,
       255, 255, 255, 8, 0, 0, 0, 0, 0, 0, 0, 0, 0, 244, 255, 255, 255,
       62, 117, 249, 255, 255, 255, 26, 0, 0, 0, 0, 0, 0, 0, 0, 3, 229,
       255, 255, 255, 77, 173, 249, 255, 255, 255, 41, 0, 0, 0, 0, 0, 0,
       0, 0, 132, 249, 255, 255, 255, 94, 37, 228, 255, 255, 255, 190,
       24, 0, 0, 0, 0, 0, 0, 8, 156, 255, 255, 255, 255, 111, 31, 211,
       255, 255, 255, 247, 141, 13, 0, 0, 0, 2, 6, 111, 243, 255, 255,
       255, 213, 55, 3, 97, 255, 255, 255, 255, 252, 206, 50, 0, 3, 82,
       223, 248, 255, 255, 255, 255, 139, 11, 0, 19, 152, 255, 255, 255,
       255, 255, 246, 250, 255, 255, 255, 255, 255, 255, 255, 224, 57, 0,
       0, 0, 39, 178, 250, 255, 255, 255, 255, 255, 255, 255, 255, 255,
       255, 244, 201, 57, 0, 0, 0, 0, 0, 17, 91, 163, 255, 255, 255, 255,
       255, 255, 255, 222, 188, 98, 6, 0, 0, 0, 0, 0, 0, 0, 0, 11, 22,
       17, 64, 97, 88, 82, 75, 33, 0, 0, 0, 0, 0, 0, 6, 96, 177, 144, 29,
       0, 0, 0, 0, 0, 0, 0, 0, 0, 0, 46, 153, 177, 128, 10, 36, 226, 255,
       255, 115, 0, 0, 0, 0, 0, 0, 0, 0, 0, 0, 190, 255, 255, 185, 16,
       73, 227, 255, 255, 131, 0, 0, 0, 0, 0, 0, 0, 0, 0, 0, 173, 255,
       255, 194, 20, 160, 255, 255, 255, 146, 0, 0, 0, 0, 0, 0, 0, 0, 0,
       0, 156, 255, 255, 202, 25, 145, 255, 255, 255, 161, 0, 0, 0, 0, 0,
       0, 0, 0, 0, 0, 140, 255, 255, 211, 29, 129, 255, 255, 255, 177, 0,
       0, 0, 0, 0, 0, 0, 0, 0, 18, 165, 255, 255, 219, 33, 111, 255, 255,
       255, 194, 0, 0, 0, 0, 0, 0, 0, 0, 0, 57, 255, 255, 255, 228, 37,
       94, 255, 255, 255, 212, 0, 0, 0, 0, 0, 0, 0, 0, 0, 41, 255, 255,
       255, 237, 42, 77, 255, 255, 255, 229, 0, 0, 0, 0, 0, 0, 0, 0, 0,
       26, 255, 255, 255, 245, 46, 62, 255, 255, 255, 244, 0, 0, 0, 0, 0,
       0, 0, 0, 0, 8, 255, 255, 255, 253, 50, 50, 253, 255, 255, 255, 8,
       0, 0, 0, 0, 0, 0, 0, 0, 0, 244, 255, 255, 255, 62, 117, 249, 255,
       255, 255, 26, 0, 0, 0, 0, 0, 0, 0, 0, 3, 229, 255, 255, 255, 77,
       173, 249, 255, 255, 255, 41, 0, 0, 0, 0, 0, 0, 0, 0, 132, 249,
       255, 255, 255, 94, 37, 228, 255, 255, 255, 190, 24, 0, 0, 0, 0, 0,
       0, 8, 156, 255, 255, 255, 255, 111, 31, 211, 255, 255, 255, 247,
       141, 13, 0, 0, 0, 2, 6, 111, 243, 255, 255, 255, 213, 55, 3, 97,
       255, 255, 255, 255, 252, 206, 148, 17, 3, 82, 223, 248, 255, 255,
       255, 255, 139, 11, 0, 19, 152, 255, 255, 255, 255, 255, 253, 251,
       255, 255, 255, 255, 255, 255, 255, 224, 57, 0, 0, 0, 39, 178, 250,
       255, 255, 255, 255, 255, 255, 255, 255, 255, 255, 244, 201, 57, 0,
       0, 0, 0, 0, 17, 91, 163, 255, 255, 255, 255, 255, 255, 255, 222,
       188, 98, 6, 0, 0, 0, 0, 0, 0, 0, 0, 11, 22, 17, 64, 97, 88, 82,
       75, 33, 0, 0, 0, 0, 0, 0 ]
